461 1057.966036 5.487E-35 4.070E+00.06980.059 7958.36380.750.000000              1              0                    P 99      432210 1 1 1 1 1 0   197.0  199.0
461 1060.611915 1.166E-34 4.100E+00.06980.059 7801.75550.750.000000              1              0                    P 98      432210 1 1 1 1 1 0   195.0  197.0
461 1063.248859 2.458E-34 4.130E+00.06980.059 7646.62640.750.000000              1              0                    P 97      432210 1 1 1 1 1 0   193.0  195.0
461 1065.876842 5.158E-34 4.170E+00.06980.059 7492.97960.750.000000              1              0                    P 96      432210 1 1 1 1 1 0   191.0  193.0
461 1068.495838 1.072E-33 4.200E+00.06980.059 7340.81810.750.000000              1              0                    P 95      432210 1 1 1 1 1 0   189.0  191.0
461 1071.105822 2.216E-33 4.240E+00.06980.059 7190.14520.750.000000              1              0                    P 94      432210 1 1 1 1 1 0   187.0  189.0
461 1073.706767 4.538E-33 4.270E+00.06980.059 7040.96370.750.000000              1              0                    P 93      432210 1 1 1 1 1 0   185.0  187.0
461 1076.298646 9.223E-33 4.300E+00.06980.059 6893.27670.750.000000              1              0                    P 92      432210 1 1 1 1 1 0   183.0  185.0
461 1078.881433 1.865E-32 4.340E+00.06980.059 6747.08710.750.000000              1              0                    P 91      432210 1 1 1 1 1 0   181.0  183.0
461 1081.455102 3.734E-32 4.370E+00.06980.059 6602.39790.750.000000              1              0                    P 90      432210 1 1 1 1 1 0   179.0  181.0
461 1084.019626 7.439E-32 4.410E+00.06980.059 6459.21190.750.000000              1              0                    P 89      432210 1 1 1 1 1 0   177.0  179.0
461 1086.574978 1.468E-31 4.440E+00.06980.059 6317.53210.750.000000              1              0                    P 88      532210 1 1 1 1 1 0   175.0  177.0
461 1089.121132 2.880E-31 4.480E+00.06980.059 6177.36120.750.000000              1              0                    P 87      532210 1 1 1 1 1 0   173.0  175.0
461 1091.658059 5.597E-31 4.510E+00.06980.059 6038.70210.750.000000              1              0                    P 86      532210 1 1 1 1 1 0   171.0  173.0
461 1094.185735 1.082E-30 4.550E+00.06980.059 5901.55760.750.000000              1              0                    P 85      532210 1 1 1 1 1 0   169.0  171.0
461 1096.704130 2.076E-30 4.590E+00.06980.059 5765.93030.750.000000              1              0                    P 84      532210 1 1 1 1 1 0   167.0  169.0
461 1099.213218 3.944E-30 4.620E+00.06980.059 5631.82310.750.000000              1              0                    P 83      532210 1 1 1 1 1 0   165.0  167.0
461 1101.712971 7.453E-30 4.660E+00.06980.059 5499.23850.750.000000              1              0                    P 82      532210 1 1 1 1 1 0   163.0  165.0
461 1104.203363 1.395E-29 4.690E+00.06980.059 5368.17920.750.000000              1              0                    P 81      532210 1 1 1 1 1 0   161.0  163.0
461 1106.684364 2.596E-29 4.730E+00.06980.059 5238.64790.750.000000              1              0                    P 80      532210 1 1 1 1 1 0   159.0  161.0
461 1109.155949 4.794E-29 4.770E+00.06980.059 5110.64710.750.000000              1              0                    P 79      532210 1 1 1 1 1 0   157.0  159.0
461 1111.618089 8.768E-29 4.800E+00.06980.059 4984.17930.750.000000              1              0                    P 78      532210 1 1 1 1 1 0   155.0  157.0
461 1114.070755 1.595E-28 4.840E+00.06980.059 4859.24720.750.000000              1              0                    P 77      532210 1 1 1 1 1 0   153.0  155.0
461 1116.513921 2.879E-28 4.880E+00.06980.059 4735.85310.750.000000              1              0                    P 76      532210 1 1 1 1 1 0   151.0  153.0
461 1118.947558 5.145E-28 4.910E+00.06980.059 4613.99960.750.000000              1              0                    P 75      532210 1 1 1 1 1 0   149.0  151.0
461 1121.371639 9.145E-28 4.950E+00.06980.059 4493.68900.750.000000              1              0                    P 74      532210 1 1 1 1 1 0   147.0  149.0
461 1123.786134 1.613E-27 4.990E+00.06980.059 4374.92390.750.000000              1              0                    P 73      532210 1 1 1 1 1 0   145.0  147.0
461 1126.191015 2.823E-27 5.030E+00.06980.059 4257.70640.750.000000              1              0                    P 72      532210 1 1 1 1 1 0   143.0  145.0
461 1128.586255 4.901E-27 5.070E+00.06980.059 4142.03900.750.000000              1              0                    P 71      532210 1 1 1 1 1 0   141.0  143.0
461 1130.971825 8.429E-27 5.100E+00.06980.059 4027.92390.750.000000              1              0                    P 70      532210 1 1 1 1 1 0   139.0  141.0
461 1133.347696 1.441E-26 5.140E+00.06980.059 3915.36350.750.000000              1              0                    P 69      532210 1 1 1 1 1 0   137.0  139.0
461 1135.713840 2.444E-26 5.180E+00.06980.059 3804.35990.750.000000              1              0                    P 68      532210 1 1 1 1 1 0   135.0  137.0
461 1138.070228 4.114E-26 5.220E+00.06980.059 3694.91540.750.000000              1              0                    P 67      532210 1 1 1 1 1 0   133.0  135.0
461 1140.416830 6.871E-26 5.260E+00.06980.059 3587.03210.750.000000              1              0                    P 66      532210 1 1 1 1 1 0   131.0  133.0
461 1142.753620 1.138E-25 5.300E+00.06980.059 3480.71220.750.000000              1              0                    P 65      532210 1 1 1 1 1 0   129.0  131.0
461 1145.080567 1.871E-25 5.340E+00.06980.059 3375.95780.750.000000              1              0                    P 64      532210 1 1 1 1 1 0   127.0  129.0
461 1147.397642 3.052E-25 5.380E+00.06980.059 3272.77100.750.000000              1              0                    P 63      532210 1 1 1 1 1 0   125.0  127.0
461 1149.704817 4.929E-25 5.410E+00.06980.059 3171.15370.750.000000              1              0                    P 62      532210 1 1 1 1 1 0   123.0  125.0
461 1152.002061 7.913E-25 5.450E+00.06980.059 3071.10810.750.000000              1              0                    P 61      532210 1 1 1 1 1 0   121.0  123.0
461 1154.289348 1.260E-24 5.490E+00.06980.059 2972.63610.750.000000              1              0                    P 60      532210 1 1 1 1 1 0   119.0  121.0
461 1156.566645 1.991E-24 5.530E+00.06980.059 2875.73970.750.000000              1              0                    P 59      532210 1 1 1 1 1 0   117.0  119.0
461 1158.833926 3.121E-24 5.570E+00.06980.059 2780.42070.750.000000              1              0                    P 58      532210 1 1 1 1 1 0   115.0  117.0
461 1161.091159 4.853E-24 5.610E+00.06980.059 2686.68110.750.000000              1              0                    P 57      532210 1 1 1 1 1 0   113.0  115.0
461 1163.338316 7.485E-24 5.650E+00.06980.059 2594.52270.750.000000              1              0                    P 56      532210 1 1 1 1 1 0   111.0  113.0
461 1165.575368 1.147E-23 5.700E+00.06980.059 2503.94730.750.000000              1              0                    P 55      532210 1 1 1 1 1 0   109.0  111.0
461 1167.802283 1.741E-23 5.740E+00.06980.059 2414.95680.750.000000              1              0                    P 54      532210 1 1 1 1 1 0   107.0  109.0
461 1170.019033 2.622E-23 5.780E+00.06980.059 2327.55280.750.000000              1              0                    P 53      532210 1 1 1 1 1 0   105.0  107.0
461 1172.225589 3.915E-23 5.820E+00.06980.059 2241.73720.750.000000              1              0                    P 52      532210 1 1 1 1 1 0   103.0  105.0
461 1174.421919 5.800E-23 5.860E+00.06980.059 2157.51160.750.000000              1              0                    P 51      532210 1 1 1 1 1 0   101.0  103.0
461 1176.607995 8.522E-23 5.900E+00.06980.060 2074.87770.750.000000              1              0                    P 50      532210 1 1 1 1 1 0    99.0  101.0
461 1178.783787 1.242E-22 5.940E+00.06980.061 1993.83710.750.000000              1              0                    P 49      532210 1 1 1 1 1 0    97.0   99.0
461 1180.949264 1.795E-22 5.980E+00.06980.061 1914.39140.750.000000              1              0                    P 48      532210 1 1 1 1 1 0    95.0   97.0
461 1183.104397 2.578E-22 6.030E+00.06980.062 1836.54220.750.000000              1              0                    P 47      532210 1 1 1 1 1 0    93.0   95.0
461 1185.249154 3.665E-22 6.070E+00.07000.062 1760.29100.750.000000              1              0                    P 46      532210 1 1 1 1 1 0    91.0   93.0
461 1187.383508 5.168E-22 6.110E+00.07030.063 1685.63930.750.000000              1              0                    P 45      532210 1 1 1 1 1 0    89.0   91.0
461 1189.507426 7.226E-22 6.150E+00.07050.063 1612.58860.750.000000              1              0                    P 44      532210 1 1 1 1 1 0    87.0   89.0
461 1191.620879 1.004E-21 6.200E+00.07080.064 1541.14040.750.000000              1              0                    P 43      532210 1 1 1 1 1 0    85.0   87.0
461 1193.723836 1.380E-21 6.240E+00.07110.064 1471.29600.750.000000              1              0                    P 42      532210 1 1 1 1 1 0    83.0   85.0
461 1195.816268 1.883E-21 6.280E+00.07130.065 1403.05680.750.000000              1              0                    P 41      532210 1 1 1 1 1 0    81.0   83.0
461 1197.898143 2.546E-21 6.320E+00.07160.065 1336.42420.750.000000              1              0                    P 40      532210 1 1 1 1 1 0    79.0   81.0
461 1199.969432 3.419E-21 6.370E+00.07180.065 1271.39950.750.000000              1              0                    P 39      532210 1 1 1 1 1 0    77.0   79.0
461 1202.030103 4.545E-21 6.410E+00.07210.066 1207.98390.750.000000              1              0                    P 38      532210 1 1 1 1 1 0    75.0   77.0
461 1204.080126 5.991E-21 6.450E+00.07240.066 1146.17870.750.000000              1              0                    P 37      532210 1 1 1 1 1 0    73.0   75.0
461 1206.119471 7.842E-21 6.500E+00.07260.067 1085.98520.750.000000              1              0                    P 36      532210 1 1 1 1 1 0    71.0   73.0
461 1208.148107 1.016E-20 6.540E+00.07290.067 1027.40450.750.000000              1              0                    P 35      532210 1 1 1 1 1 0    69.0   71.0
461 1210.166003 1.307E-20 6.590E+00.07320.067  970.43770.750.000000              1              0                    P 34      532210 1 1 1 1 1 0    67.0   69.0
461 1212.173129 1.664E-20 6.630E+00.07350.068  915.08610.750.000000              1              0                    P 33      532210 1 1 1 1 1 0    65.0   67.0
461 1214.169452 2.103E-20 6.680E+00.07370.068  861.35060.750.000000              1              0                    P 32      532210 1 1 1 1 1 0    63.0   65.0
461 1216.154944 2.630E-20 6.720E+00.07400.069  809.23230.750.000000              1              0                    P 31      532210 1 1 1 1 1 0    61.0   63.0
461 1218.129573 3.266E-20 6.770E+00.07430.069  758.73240.750.000000              1              0                    P 30      532210 1 1 1 1 1 0    59.0   61.0
461 1220.093307 4.018E-20 6.820E+00.07460.069  709.85160.750.000000              1              0                    P 29      532210 1 1 1 1 1 0    57.0   59.0
461 1222.046117 4.891E-20 6.860E+00.07490.070  662.59110.750.000000              1              0                    P 28      532210 1 1 1 1 1 0    55.0   57.0
461 1223.987970 5.908E-20 6.910E+00.07520.070  616.95170.750.000000              1              0                    P 27      532210 1 1 1 1 1 0    53.0   55.0
461 1225.918836 7.070E-20 6.960E+00.07550.071  572.93440.750.000000              1              0                    P 26      532210 1 1 1 1 1 0    51.0   53.0
461 1227.838683 8.381E-20 7.010E+00.07580.071  530.54000.750.000000              1              0                    P 25      532210 1 1 1 1 1 0    49.0   51.0
461 1229.747482 9.841E-20 7.060E+00.07620.072  489.76930.750.000000              1              0                    P 24      532210 1 1 1 1 1 0    47.0   49.0
461 1231.645199 1.144E-19 7.110E+00.07650.072  450.62310.750.000000              1              0                    P 23      532210 1 1 1 1 1 0    45.0   47.0
461 1233.531805 1.317E-19 7.160E+00.07680.073  413.10230.750.000000              1              0                    P 22      532210 1 1 1 1 1 0    43.0   45.0
461 1235.407267 1.501E-19 7.210E+00.07720.073  377.20750.750.000000              1              0                    P 21      532210 1 1 1 1 1 0    41.0   43.0
461 1237.271555 1.694E-19 7.260E+00.07750.074  342.93950.750.000000              1              0                    P 20      532210 1 1 1 1 1 0    39.0   41.0
461 1239.124637 1.890E-19 7.310E+00.07790.074  310.29890.750.000000              1              0                    P 19      532210 1 1 1 1 1 0    37.0   39.0
461 1240.966482 2.090E-19 7.370E+00.07820.075  279.28640.750.000000              1              0                    P 18      532210 1 1 1 1 1 0    35.0   37.0
461 1242.797058 2.282E-19 7.420E+00.07860.075  249.90250.750.000000              1              0                    P 17      532210 1 1 1 1 1 0    33.0   35.0
461 1244.616334 2.466E-19 7.480E+00.07900.076  222.14800.750.000000              1              0                    P 16      532210 1 1 1 1 1 0    31.0   33.0
461 1246.424278 2.633E-19 7.540E+00.07940.076  196.02320.750.000000              1              0                    P 15      532210 1 1 1 1 1 0    29.0   31.0
461 1248.220859 2.775E-19 7.600E+00.07980.077  171.52870.750.000000              1              0                    P 14      532210 1 1 1 1 1 0    27.0   29.0
461 1250.006045 2.890E-19 7.670E+00.08020.078  148.66500.750.000000              1              0                    P 13      532210 1 1 1 1 1 0    25.0   27.0
461 1251.779805 2.966E-19 7.740E+00.08060.079  127.43260.750.000000              1              0                    P 12      532210 1 1 1 1 1 0    23.0   25.0
461 1253.542106 3.001E-19 7.820E+00.08100.079  107.83180.750.000000              1              0                    P 11      532210 1 1 1 1 1 0    21.0   23.0
461 1255.292918 2.985E-19 7.900E+00.08150.080   89.86310.750.000000              1              0                    P 10      532210 1 1 1 1 1 0    19.0   21.0
461 1257.032208 2.917E-19 7.990E+00.08190.081   73.52670.750.000000              1              0                    P  9      532210 1 1 1 1 1 0    17.0   19.0
461 1258.759945 2.791E-19 8.090E+00.08240.082   58.82310.750.000000              1              0                    P  8      532210 1 1 1 1 1 0    15.0   17.0
461 1260.476097 2.612E-19 8.220E+00.08290.084   45.75250.750.000000              1              0                    P  7      532210 1 1 1 1 1 0    13.0   15.0
461 1262.180631 2.373E-19 8.370E+00.08340.085   34.31520.750.000000              1              0                    P  6      532210 1 1 1 1 1 0    11.0   13.0
461 1263.873517 2.079E-19 8.570E+00.08390.087   24.51130.750.000000              1              0                    P  5      532210 1 1 1 1 1 0     9.0   11.0
461 1265.554722 1.737E-19 8.870E+00.08440.089   16.34110.750.000000              1              0                    P  4      532210 1 1 1 1 1 0     7.0    9.0
461 1267.224215 1.348E-19 9.360E+00.08490.091    9.80480.750.000000              1              0                    P  3      532210 1 1 1 1 1 0     5.0    7.0
461 1268.881962 9.268E-20 1.050E+01.08540.093    4.90250.750.000000              1              0                    P  2      532210 1 1 1 1 1 0     3.0    5.0
461 1270.527934 4.711E-20 1.580E+01.08600.096    1.63420.750.000000              1              0                    P  1      532210 1 1 1 1 1 0     1.0    3.0
461 1273.784418 4.772E-20 5.320E+00.08600.096    0.00000.750.000000              1              0                    R  0      532210 1 1 1 1 1 0     3.0    1.0
461 1275.394866 9.483E-20 6.410E+00.08540.093    1.63420.750.000000              1              0                    R  1      532210 1 1 1 1 1 0     5.0    3.0
461 1276.993410 1.405E-19 6.910E+00.08490.091    4.90250.750.000000              1              0                    R  2      532210 1 1 1 1 1 0     7.0    5.0
461 1278.580017 1.834E-19 7.200E+00.08440.089    9.80480.750.000000              1              0                    R  3      532210 1 1 1 1 1 0     9.0    7.0
461 1280.154654 2.226E-19 7.400E+00.08390.087   16.34110.750.000000              1              0                    R  4      532210 1 1 1 1 1 0    11.0    9.0
461 1281.717289 2.577E-19 7.560E+00.08340.085   24.51130.750.000000              1              0                    R  5      532210 1 1 1 1 1 0    13.0   11.0
461 1283.267891 2.873E-19 7.680E+00.08290.084   34.31520.750.000000              1              0                    R  6      532210 1 1 1 1 1 0    15.0   13.0
461 1284.806427 3.116E-19 7.790E+00.08240.082   45.75250.750.000000              1              0                    R  7      532210 1 1 1 1 1 0    17.0   15.0
